greeter	screener	dispenser	medic	resources	throughput	time
1	1	2	1	5	172.0	54.5542628448
1	1	3	1	6	229.666666667	55.8293166386
1	1	4	1	7	326.0	55.234809178
1	1	5	1	8	375.0	55.1401735505
1	4	3	1	9	231.666666667	54.6140931951
1	1	7	1	10	513.333333333	53.2807099528
1	4	5	1	11	387.0	52.1763928278
1	1	9	1	12	700.0	53.4734207235
1	4	7	1	13	549.666666667	51.897169241
1	1	12	1	15	899.666666667	50.504622606
1	1	13	1	16	968.0	51.3836250476
1	3	12	1	17	884.333333333	50.1873815286
1	1	14	1	17	1012.33333333	51.1338818104
1	4	12	1	18	906.333333333	49.6758929763
1	1	16	1	19	1210.33333333	48.2440917287
1	4	16	1	22	1236.0	48.1868926733
1	1	20	1	23	1552.66666667	45.2351381793
1	1	21	1	24	1556.0	45.3635922797
1	17	6	1	25	476.333333333	45.0137482657
1	4	21	1	27	1608.0	45.0890302165
1	17	9	1	28	700.666666667	44.092963644
1	1	26	1	29	2030.66666667	43.8246049483
1	1	27	1	30	2047.66666667	42.0585277485
1	27	3	1	32	226.333333333	39.0122049817
1	4	26	1	32	1978.0	41.2462780388
1	29	2	1	33	175.0	37.0783626537
1	4	27	1	33	2010.33333333	42.0082483058
1	30	2	1	34	149.0	35.6885307144
1	28	4	1	34	308.333333333	39.6915265573
1	30	3	1	35	238.0	37.5025403538
1	1	32	1	35	2446.66666667	38.1522740324
1	30	5	1	37	380.333333333	36.6246941487
1	3	33	1	38	2539.33333333	38.9639444913
1	33	4	1	39	317.333333333	34.3826757417
1	1	36	1	39	2797.33333333	35.5667416156
1	33	5	1	40	412.333333333	34.6672348444
1	37	3	1	42	247.666666667	31.1257261781
1	37	4	1	43	344.333333333	32.63092566
1	1	40	1	43	3037.66666667	34.1953807983
1	39	3	1	44	272.333333333	31.163771375
1	35	7	1	44	525.0	33.8931922831
1	1	41	1	44	3112.0	34.7623005699
1	40	3	1	45	246.0	30.6281374822
1	39	4	1	45	340.333333333	31.0491326736
1	1	42	1	45	3121.0	33.8836583291
1	41	3	1	46	249.0	29.9085946773
1	39	5	1	46	369.333333333	30.3930896419
1	37	7	1	46	562.333333333	31.0500375412
1	35	9	1	46	687.666666667	32.9816549979
1	39	6	1	47	482.0	30.2807897971
1	44	2	1	48	183.0	28.0709448217
1	41	5	1	48	411.0	29.0610406679
1	40	6	1	48	494.666666667	29.9048762508
1	39	7	1	48	568.333333333	30.9292549156
1	1	45	1	48	3383.33333333	31.8126699856
1	1	46	1	49	3521.0	31.0798025159
1	46	2	1	50	185.666666667	27.7255195531
1	41	7	1	50	534.666666667	28.5332487558
1	39	9	1	50	718.333333333	30.5410067846
1	1	48	1	51	3557.0	30.4265284054
1	47	3	1	52	252.666666667	26.8042303754
1	46	4	1	52	334.333333333	27.4948629061
1	41	9	1	52	669.666666667	28.753751027
1	39	12	1	53	918.666666667	29.6463838154
1	1	50	1	53	3689.33333333	30.7092427538
1	46	6	1	54	503.333333333	27.1793506143
1	44	9	1	55	687.666666667	26.6371666622
1	41	12	1	55	915.0	28.3637606649
1	1	52	1	55	3723.33333333	29.7976539305
1	41	13	1	56	992.666666667	28.6300484109
1	46	9	1	57	696.333333333	26.4674639216
1	39	16	1	57	1231.0	29.1574652304
1	44	12	1	58	977.333333333	26.636255578
1	1	55	1	58	3716.33333333	28.8287597651
1	4	52	1	58	3942.0	28.8870133186
1	46	12	1	60	955.0	26.3744890243
1	1	57	1	60	3725.0	28.2890061679
1	3	55	1	60	3989.0	28.5391220944
1	47	12	1	61	930.0	25.8591565556
1	4	55	1	61	4111.33333333	27.3999832195
1	44	16	1	62	1256.33333333	26.6188399859
1	4	57	1	63	4207.66666667	26.5769336391
1	46	16	1	64	1252.66666667	25.9787491655
1	47	16	1	65	1239.0	25.095539425
1	48	16	1	66	1199.33333333	25.0919568761
1	44	20	1	66	1551.0	25.5587038265
1	4	60	1	66	4258.66666667	26.6506135688
1	44	21	1	67	1643.0	25.0571214127
1	46	20	1	68	1572.0	24.8913647322
1	5	60	2	68	4375.66666667	27.4525682411
1	46	21	1	69	1624.66666667	24.7305072863
1	40	27	1	69	2089.0	26.452417719
1	8	59	1	69	4520.33333333	27.6652528152
1	47	21	1	70	1673.33333333	24.1595600005
1	41	27	1	70	2117.0	25.8135551595
1	44	26	1	72	2007.33333333	24.0222623951
1	46	26	1	74	2073.66666667	23.825055199
1	47	26	1	75	1980.0	23.6389682405
1	46	27	1	75	2123.33333333	23.7882168888
1	40	33	1	75	2517.66666667	25.2003735324
1	41	33	1	76	2531.33333333	24.9338237486
1	37	37	1	76	2816.33333333	26.016259639
1	48	27	1	77	2077.33333333	23.5307544886
1	39	37	1	78	2836.33333333	25.0509540909
1	35	41	1	78	3171.66666667	26.1718144738
1	44	33	1	79	2561.0	22.9324981124
1	37	40	1	79	3014.33333333	25.5830012202
1	35	42	1	79	3250.0	26.4032051085
1	17	60	1	79	4466.0	27.4846789131
1	41	37	1	80	2874.66666667	24.0213540744
1	46	33	1	81	2507.33333333	22.9246827742
1	39	40	1	81	3040.66666667	24.1932831124
1	37	42	1	81	3278.33333333	24.6786058227
1	44	36	1	82	2771.33333333	22.1796786204
1	40	41	1	83	3175.33333333	23.580778993
1	39	42	1	83	3211.33333333	24.3507400709
1	35	46	1	83	3506.33333333	25.5082780378
1	46	37	1	85	2803.33333333	21.8986277302
1	44	40	1	86	3097.33333333	21.6445021801
1	27	57	1	86	4369.0	25.6558768712
1	40	45	1	87	3419.66666667	23.1385561136
1	37	47	2	87	3563.33333333	23.7989509864
1	37	48	1	87	3655.33333333	23.9463522937
1	35	50	1	87	3857.0	24.4423822313
1	44	42	1	88	3246.66666667	21.2133877109
1	41	45	1	88	3436.0	22.0367687577
1	34	52	1	88	3962.0	24.3094785851
1	29	57	1	88	4300.33333333	25.0652946151
1	26	60	1	88	4509.66666667	25.4925715024
1	41	46	1	89	3521.33333333	22.3923598683
1	39	48	1	89	3669.0	22.5058976215
1	37	50	1	89	3846.66666667	23.7342962778
1	27	60	1	89	4622.0	24.8939961784
1	41	47	1	90	3564.0	22.2020406319
1	41	48	1	91	3665.33333333	21.7880047359
1	37	52	1	91	3968.33333333	22.9500433312
1	29	60	1	91	4524.0	24.838757346
1	35	55	1	92	4219.33333333	23.4807368915
1	44	47	1	93	3590.66666667	20.2826654028
1	41	50	1	93	3793.0	21.6803511058
1	39	52	1	93	3936.33333333	21.7544888505
1	37	55	1	94	4182.0	22.5350515285
1	46	47	1	95	3638.33333333	20.4761333384
1	41	52	1	95	3932.33333333	20.8530396712
1	46	48	1	96	3785.33333333	19.6496943249
1	39	55	1	96	4184.0	21.3154739202
1	37	57	1	96	4317.66666667	21.8720022269
1	40	55	1	97	4215.33333333	21.0258249674
1	35	60	1	97	4538.0	22.3209956297
1	46	50	1	98	3877.66666667	19.14616009
1	44	52	1	98	4007.0	19.4125895375
1	41	55	1	98	4211.33333333	20.290346972
1	39	57	1	98	4320.66666667	21.169296295
1	37	60	1	99	4548.66666667	20.9013178588
1	41	57	1	100	4332.0	19.6039638539
1	44	55	1	101	4217.33333333	18.9922113314
1	39	60	1	101	4580.33333333	20.0447534959
1	40	60	1	102	4512.33333333	20.035548871
1	46	55	1	103	4220.66666667	18.9266197373
1	44	57	1	103	4287.33333333	18.9272625737
1	41	60	1	103	4574.66666667	19.8761338092
1	47	55	1	104	4203.33333333	18.57865688
1	46	57	1	105	4268.66666667	18.3840452653
1	47	57	1	106	4362.66666667	18.1339028183
1	46	60	1	108	4545.0	17.9994416373
1	48	60	1	110	4563.33333333	17.5895240215
